00100101
0100101
00100101010100100101001000100101
010
0100100010101010101
0100100101010010
00100101010010
0101010010010100100100101010
010010010010101001001000101010
001001010101
010
00100100101
0100100101010010
01001010010010
01001001001010100101010010010010
00100100100100101
010010010101010100101010010010
010010
010010010
0101010
01001010100100101010001010101001001001001010010010
010010010010010
010010101010100100101
0100101010010010001001001010010
00100101
010001010010010100100100101
0010010100100100100100101010010
01000100100100100101
010010
010010010
01000101
010
0100010100100100101
010
01000100100101
0101010
0100101001001000100101010010010
010010
0100101001001010100100101010
0100100010100100100101001001001010010010010101010010
010010
01001010101
01001001010100100010101010100010100100101010
00100100101010010001010010
010
0100101
010010010
010
010
0101010
00110101010
0101010
0101010
0101010
0101010
