0,0,254,48,R
1,32,1,120,R
0,32,1,1,R
1,33,1,120,R
0,33,1,1,R
1,34,1,120,R
0,34,1,1,R
1,35,1,120,R
0,35,1,1,R
1,36,1,120,R
0,36,1,1,R
1,37,1,120,R
0,37,1,1,R
1,38,1,120,R
0,38,1,1,R
1,39,1,120,R
0,39,1,1,R
1,40,1,120,R
0,40,1,1,R
1,41,1,120,R
0,41,1,1,R
1,42,1,120,R
0,42,1,1,R
1,43,1,120,R
0,43,1,1,R
1,44,1,120,R
0,44,1,1,R
1,45,1,120,R
0,45,1,1,R
1,46,1,120,R
0,46,1,1,R
1,47,1,120,R
0,47,1,1,R
1,48,1,120,R
0,48,1,1,R
1,49,1,120,R
0,49,1,1,R
1,50,1,120,R
0,50,1,1,R
1,51,1,120,R
0,51,1,1,R
1,52,1,120,R
0,52,1,1,R
1,53,1,120,R
0,53,1,1,R
1,54,1,120,R
0,54,1,1,R
1,55,1,120,R
0,55,1,1,R
1,56,1,120,R
0,56,1,1,R
1,57,1,120,R
0,57,1,1,R
1,58,1,120,R
0,58,1,1,R
1,59,1,120,R
0,59,1,1,R
1,60,1,120,R
0,60,1,1,R
1,61,1,120,R
0,61,1,1,R
1,62,1,120,R
0,62,1,1,R
1,63,1,120,R
0,63,1,1,R
1,64,1,120,R
0,64,1,1,R
1,65,1,120,R
0,65,1,1,R
1,66,1,120,R
0,66,1,1,R
1,67,1,120,R
0,67,1,1,R
1,68,1,120,R
0,68,1,1,R
1,69,1,120,R
0,69,1,1,R
1,70,1,120,R
0,70,1,1,R
1,71,1,120,R
0,71,1,1,R
1,72,1,120,R
0,72,1,1,R
1,73,1,120,R
0,73,1,1,R
1,74,1,120,R
0,74,1,1,R
1,75,1,120,R
0,75,1,1,R
1,76,1,120,R
0,76,1,1,R
1,77,1,120,R
0,77,1,1,R
1,78,1,120,R
0,78,1,1,R
1,79,1,120,R
0,79,1,1,R
1,80,1,120,R
0,80,1,1,R
1,81,1,120,R
0,81,1,1,R
1,82,1,120,R
0,82,1,1,R
1,83,1,120,R
0,83,1,1,R
1,84,1,120,R
0,84,1,1,R
1,85,1,120,R
0,85,1,1,R
1,86,1,120,R
0,86,1,1,R
1,87,1,120,R
0,87,1,1,R
1,88,1,120,R
0,88,1,1,R
1,89,1,120,R
0,89,1,1,R
1,90,1,120,R
0,90,1,1,R
1,91,1,120,R
0,91,1,1,R
1,92,1,120,R
0,92,1,1,R
1,93,1,120,R
0,93,1,1,R
1,94,1,120,R
0,94,1,1,R
1,95,1,120,R
0,95,1,1,R
1,96,1,120,R
0,96,1,1,R
1,97,1,120,R
0,97,1,1,R
1,98,1,120,R
0,98,1,1,R
1,99,1,120,R
0,99,1,1,R
1,100,1,120,R
0,100,1,1,R
1,101,1,120,R
0,101,1,1,R
1,102,1,120,R
0,102,1,1,R
1,103,1,120,R
0,103,1,1,R
1,104,1,120,R
0,104,1,1,R
1,105,1,120,R
0,105,1,1,R
1,106,1,120,R
0,106,1,1,R
1,107,1,120,R
0,107,1,1,R
1,108,1,120,R
0,108,1,1,R
1,109,1,120,R
0,109,1,1,R
1,110,1,120,R
0,110,1,1,R
1,111,1,120,R
0,111,1,1,R
1,112,1,120,R
0,112,1,1,R
1,113,1,120,R
0,113,1,1,R
1,114,1,120,R
0,114,1,1,R
1,115,1,120,R
0,115,1,1,R
1,116,1,120,R
0,116,1,1,R
1,117,1,120,R
0,117,1,1,R
1,118,1,120,R
0,118,1,1,R
1,119,1,120,R
0,119,1,1,R
1,120,1,120,R
0,120,1,1,R
1,121,1,120,R
0,121,1,1,R
1,122,1,120,R
0,122,1,1,R
1,123,1,120,R
0,123,1,1,R
1,124,1,120,R
0,124,1,1,R
1,125,1,120,R
0,125,1,1,R
1,126,1,120,R
0,126,1,1,R
1,127,1,120,R
0,127,1,1,R
1,128,1,120,R
0,128,1,1,R
1,129,1,120,R
0,129,1,1,R
1,130,1,120,R
0,130,1,1,R
1,131,1,120,R
0,131,1,1,R
1,132,1,120,R
0,132,1,1,R
1,133,1,120,R
0,133,1,1,R
1,134,1,120,R
0,134,1,1,R
1,135,1,120,R
0,135,1,1,R
1,136,1,120,R
0,136,1,1,R
1,137,1,120,R
0,137,1,1,R
1,138,1,120,R
0,138,1,1,R
1,139,1,120,R
0,139,1,1,R
1,140,1,120,R
0,140,1,1,R
1,141,1,120,R
0,141,1,1,R
1,142,1,120,R
0,142,1,1,R
1,143,1,120,R
0,143,1,1,R
1,144,1,120,R
0,144,1,1,R
1,145,1,120,R
0,145,1,1,R
1,146,1,120,R
0,146,1,1,R
1,147,1,120,R
0,147,1,1,R
1,148,1,120,R
0,148,1,1,R
1,149,1,120,R
0,149,1,1,R
1,150,1,120,R
0,150,1,1,R
1,151,1,120,R
0,151,1,1,R
1,152,1,120,R
0,152,1,1,R
1,153,1,120,R
0,153,1,1,R
1,154,1,120,R
0,154,1,1,R
1,155,1,120,R
0,155,1,1,R
1,156,1,120,R
0,156,1,1,R
1,157,1,120,R
0,157,1,1,R
1,158,1,120,R
0,158,1,1,R
1,159,1,120,R
0,159,1,1,R
1,160,1,120,R
0,160,1,1,R
1,161,1,120,R
0,161,1,1,R
1,162,1,120,R
0,162,1,1,R
1,163,1,120,R
0,163,1,1,R
1,164,1,120,R
0,164,1,1,R
1,165,1,120,R
0,165,1,1,R
1,166,1,120,R
0,166,1,1,R
1,167,1,120,R
0,167,1,1,R
1,168,1,120,R
0,168,1,1,R
1,169,1,120,R
0,169,1,1,R
1,170,1,120,R
0,170,1,1,R
1,171,1,120,R
0,171,1,1,R
1,172,1,120,R
0,172,1,1,R
1,173,1,120,R
0,173,1,1,R
1,174,1,120,R
0,174,1,1,R
1,175,1,120,R
0,175,1,1,R
1,176,1,120,R
0,176,1,1,R
1,177,1,120,R
0,177,1,1,R
1,178,1,120,R
0,178,1,1,R
1,179,1,120,R
0,179,1,1,R
1,180,1,120,R
0,180,1,1,R
1,181,1,120,R
0,181,1,1,R
1,182,1,120,R
0,182,1,1,R
1,183,1,120,R
0,183,1,1,R
1,184,1,120,R
0,184,1,1,R
1,185,1,120,R
0,185,1,1,R
1,186,1,120,R
0,186,1,1,R
1,187,1,120,R
0,187,1,1,R
1,188,1,120,R
0,188,1,1,R
1,189,1,120,R
0,189,1,1,R
1,190,1,120,R
0,190,1,1,R
1,191,1,120,R
0,191,1,1,R
1,192,1,120,R
0,192,1,1,R
1,193,1,120,R
0,193,1,1,R
1,194,1,120,R
0,194,1,1,R
1,195,1,120,R
0,195,1,1,R
1,196,1,120,R
0,196,1,1,R
1,197,1,120,R
0,197,1,1,R
1,198,1,120,R
0,198,1,1,R
1,199,1,120,R
0,199,1,1,R
1,200,1,120,R
0,200,1,1,R
1,201,1,120,R
0,201,1,1,R
1,202,1,120,R
0,202,1,1,R
1,203,1,120,R
0,203,1,1,R
1,204,1,120,R
0,204,1,1,R
1,205,1,120,R
0,205,1,1,R
1,206,1,120,R
0,206,1,1,R
1,207,1,120,R
0,207,1,1,R
1,208,1,120,R
0,208,1,1,R
1,209,1,120,R
0,209,1,1,R
1,210,1,120,R
0,210,1,1,R
1,211,1,120,R
0,211,1,1,R
1,212,1,120,R
0,212,1,1,R
1,213,1,120,R
0,213,1,1,R
1,214,1,120,R
0,214,1,1,R
1,215,1,120,R
0,215,1,1,R
1,216,1,120,R
0,216,1,1,R
1,217,1,120,R
0,217,1,1,R
1,218,1,120,R
0,218,1,1,R
1,219,1,120,R
0,219,1,1,R
1,220,1,120,R
0,220,1,1,R
1,221,1,120,R
0,221,1,1,R
1,222,1,120,R
0,222,1,1,R
1,223,1,120,R
0,223,1,1,R
1,224,1,120,R
0,224,1,1,R
1,225,1,120,R
0,225,1,1,R
1,226,1,120,R
0,226,1,1,R
1,227,1,120,R
0,227,1,1,R
1,228,1,120,R
0,228,1,1,R
1,229,1,120,R
0,229,1,1,R
1,230,1,120,R
0,230,1,1,R
1,231,1,120,R
0,231,1,1,R
1,232,1,120,R
0,232,1,1,R
1,233,1,120,R
0,233,1,1,R
1,234,1,120,R
0,234,1,1,R
1,235,1,120,R
0,235,1,1,R
1,236,1,120,R
0,236,1,1,R
1,237,1,120,R
0,237,1,1,R
1,238,1,120,R
0,238,1,1,R
1,239,1,120,R
0,239,1,1,R
1,240,1,120,R
0,240,1,1,R
1,241,1,120,R
0,241,1,1,R
1,242,1,120,R
0,242,1,1,R
1,243,1,120,R
0,243,1,1,R
1,244,1,120,R
0,244,1,1,R
1,245,1,120,R
0,245,1,1,R
1,246,1,120,R
0,246,1,1,R
1,247,1,120,R
0,247,1,1,R
1,248,1,120,R
0,248,1,1,R
1,249,1,120,R
0,249,1,1,R
1,250,1,120,R
0,250,1,1,R
1,251,1,120,R
0,251,1,1,R
1,252,1,120,R
0,252,1,1,R
1,253,1,120,R
0,253,1,1,R
1,254,1,120,R
0,254,1,1,R
1,0,2,120,R
2,0,2,0,L
2,120,2,120,L
2,1,3,48,R
3,120,4,1,R
4,120,4,120,R
4,0,5,120,R
5,0,3,0,R
5,120,3,120,R
3,0,6,0,L
3,120,6,120,L
6,0,6,0,L
6,120,6,120,L
6,1,7,48,R
7,120,8,1,R
8,120,8,120,R
8,0,9,120,R
9,0,7,0,R
9,120,7,120,R
7,0,10,0,L
7,120,10,120,L
10,0,10,0,L
10,120,10,120,L
10,1,11,48,R
11,120,12,1,R
12,120,12,120,R
12,0,13,120,R
13,0,11,0,R
13,120,11,120,R
11,0,14,0,L
11,120,14,120,L
14,0,14,0,L
14,120,14,120,L
14,1,15,48,R
15,120,16,1,R
16,120,16,120,R
16,0,17,120,R
17,0,15,0,R
17,120,15,120,R
15,0,18,0,L
15,120,18,120,L
18,0,18,0,L
18,120,18,120,L
18,1,19,48,R
19,120,20,1,R
20,120,20,120,R
20,0,21,120,R
21,0,19,0,R
21,120,19,120,R
19,0,22,0,L
19,120,22,120,L
22,0,22,0,L
22,120,22,120,L
22,1,23,48,R
23,120,24,1,R
24,120,24,120,R
24,0,25,120,R
25,0,23,0,R
25,120,23,120,R
23,0,26,0,L
23,120,26,120,L
26,0,26,0,L
26,120,26,120,L
26,1,27,48,R
27,120,28,1,R
28,120,28,120,R
28,0,29,120,R
29,0,27,0,R
29,120,27,120,R
27,0,30,0,L
27,120,30,120,L
30,0,30,0,L
30,120,30,120,L
30,1,31,48,R
31,120,32,1,R
32,120,32,120,R
32,0,33,120,R
33,0,31,0,R
33,120,31,120,R
31,0,34,0,L
31,120,34,120,L
34,0,34,0,L
34,120,34,120,L
34,1,35,1,R
35,121,35,121,R
35,120,36,121,L
35,0,39,0,R
36,121,36,121,L
36,1,37,1,L
37,49,37,49,L
37,48,38,49,R
38,49,38,48,R
38,1,35,1,R
39,121,39,0,L
39,1,40,0,L
40,48,41,48,L
40,49,41,49,L
41,48,42,48,L
41,49,42,49,L
42,48,43,48,L
42,49,43,49,L
43,48,44,48,L
43,49,44,49,L
44,48,45,48,L
44,49,45,49,L
45,48,46,48,L
45,49,46,49,L
46,48,47,48,L
46,49,47,49,L
48,48,49,121,R
49,48,49,120,R
49,49,50,120,L
50,120,50,120,L
50,121,51,49,R
51,120,51,120,R
51,49,52,120,L
51,48,54,120,L
51,0,56,0,L
52,120,52,120,L
52,49,53,49,R
52,48,53,48,R
53,120,51,49,R
54,120,54,120,L
54,49,55,49,R
54,48,55,48,R
55,120,51,48,R
56,120,56,0,L
56,49,254,49,L
56,48,254,48,L
